141.0 119.0
135.0 139.0
123.0 153.0
113.0 166.0
106.0 180.0
100.0 196.0
100.0 222.0
110.0 251.0
122.0 277.0
140.0 305.0
152.0 314.0
177.0 331.0
241.0 348.0
286.0 335.0
329.0 306.0
352.0 253.0
348.0 211.0
332.0 180.0
308.0 133.0
267.0 112.0
224.0 107.0
181.0 104.0
132.0 105.0
114.0 121.0
103.0 142.0
98.0 169.0
96.0 202.0
91.0 224.0
92.0 246.0
103.0 276.0
109.0 304.0
120.0 321.0
140.0 339.0
156.0 346.0
212.0 367.0
249.0 368.0
308.0 363.0
342.0 337.0
360.0 284.0
365.0 250.0
367.0 219.0
352.0 174.0
325.0 115.0
282.0 86.0
241.0 75.0
199.0 72.0
143.0 80.0
102.0 108.0
85.0 145.0
76.0 196.0
73.0 222.0
78.0 249.0
86.0 297.0
115.0 335.0
148.0 350.0
178.0 353.0
191.0 353.0
240.0 363.0
286.0 352.0
318.0 332.0
362.0 295.0
364.0 261.0
363.0 187.0
319.0 131.0
300.0 106.0
279.0 95.0
218.0 86.0
184.0 88.0
138.0 95.0
115.0 122.0
89.0 176.0
88.0 220.0
75.0 148.0
149.0 86.0
218.0 67.0
225.0 67.0
226.0 67.0
239.0 72.0
276.0 93.0
302.0 112.0
333.0 148.0
316.0 167.0
339.0 128.0
358.0 162.0
362.0 182.0
367.0 202.0
371.0 247.0
357.0 290.0
348.0 321.0
334.0 349.0
297.0 374.0
253.0 383.0
196.0 380.0
162.0 359.0
123.0 305.0
88.0 257.0
287.0 368.0
310.0 337.0
335.0 316.0
343.0 283.0
350.0 191.0
331.0 152.0
298.0 117.0
262.0 90.0
186.0 83.0
159.0 87.0
138.0 96.0
113.0 115.0
96.0 196.0
106.0 247.0
125.0 302.0
164.0 328.0
197.0 350.0
223.0 360.0
247.0 369.0
286.0 365.0
319.0 351.0
342.0 321.0
363.0 249.0
365.0 226.0
359.0 194.0
185.0 213.0
193.0 243.0
218.0 248.0
256.0 242.0
260.0 207.0
239.0 191.0
198.0 206.0
200.0 217.0
208.0 235.0
221.0 232.0
240.0 219.0
251.0 209.0
229.0 188.0
237.0 268.0
246.0 271.0
233.0 237.0
215.0 201.0
230.0 188.0
258.0 215.0
249.0 232.0
213.0 239.0
192.0 208.0
224.0 183.0
233.0 221.0
228.0 202.0
207.0 106.0
230.0 106.0
264.0 246.0
242.0 248.0
226.0 261.0
190.0 250.0
195.0 191.0
261.0 195.0
221.0 225.0
217.0 216.0
213.0 173.0
240.0 178.0
336.0 239.0
160.0 105.0
186.0 69.0
267.0 368.0
404.0 50.0
462.0 331.0
373.0 415.0
412.0 198.0
439.0 91.0
429.0 290.0
368.0 390.0
122.0 450.0
52.0 422.0
57.0 64.0
35.0 64.0
42.0 327.0
215.0 450.0
23.0 153.0
130.0 36.0
324.0 22.0
365.0 70.0
441.0 452.0
