61.0 10.0
52.0 15.0
51.0 19.0
45.0 29.0
42.0 33.0
38.0 41.0
31.0 48.0
28.0 52.0
21.0 62.0
20.0 64.0
17.0 73.0
17.0 83.0
21.0 94.0
25.0 95.0
40.0 95.0
54.0 95.0
74.0 91.0
83.0 85.0
89.0 66.0
91.0 58.0
93.0 44.0
86.0 18.0
79.0 16.0
73.0 15.0
74.0 16.0
88.0 24.0
158.0 58.0
149.0 68.0
146.0 73.0
141.0 81.0
134.0 90.0
128.0 97.0
123.0 101.0
111.0 111.0
104.0 119.0
97.0 131.0
86.0 144.0
84.0 147.0
100.0 156.0
113.0 156.0
132.0 152.0
144.0 137.0
141.0 127.0
133.0 119.0
133.0 112.0
151.0 119.0
151.0 119.0
170.0 122.0
175.0 120.0
177.0 107.0
179.0 72.0
178.0 68.0
172.0 66.0
184.0 91.0
179.0 81.0
177.0 100.0
243.0 133.0
228.0 121.0
226.0 119.0
222.0 119.0
206.0 117.0
202.0 121.0
196.0 139.0
196.0 150.0
198.0 156.0
207.0 164.0
214.0 171.0
214.0 174.0
206.0 184.0
187.0 191.0
167.0 194.0
155.0 191.0
147.0 181.0
147.0 181.0
179.0 192.0
200.0 190.0
287.0 171.0
283.0 169.0
261.0 159.0
248.0 159.0
238.0 170.0
232.0 187.0
226.0 196.0
217.0 210.0
216.0 216.0
229.0 224.0
237.0 230.0
255.0 239.0
255.0 239.0
263.0 258.0
268.0 256.0
290.0 251.0
293.0 249.0
307.0 244.0
308.0 244.0
333.0 238.0
337.0 238.0
347.0 234.0
362.0 228.0
365.0 226.0
323.0 239.0
281.0 253.0
369.0 228.0
368.0 238.0
363.0 250.0
362.0 258.0
358.0 269.0
348.0 290.0
347.0 294.0
347.0 296.0
343.0 311.0
343.0 311.0
356.0 276.0
354.0 267.0
346.0 264.0
341.0 249.0
334.0 248.0
327.0 244.0
332.0 359.0
342.0 349.0
350.0 345.0
361.0 339.0
370.0 337.0
391.0 328.0
416.0 316.0
426.0 311.0
446.0 299.0
449.0 298.0
450.0 306.0
442.0 322.0
432.0 335.0
420.0 351.0
409.0 362.0
396.0 381.0
391.0 391.0
387.0 397.0
389.0 403.0
413.0 397.0
423.0 389.0
438.0 387.0
449.0 381.0
453.0 374.0
463.0 370.0
465.0 370.0
492.0 359.0
497.0 357.0
479.0 368.0
147.0 175.0
158.0 182.0
161.0 187.0
162.0 188.0
173.0 191.0
180.0 191.0
196.0 188.0
202.0 185.0
210.0 177.0
219.0 163.0
219.0 163.0
208.0 154.0
200.0 136.0
199.0 124.0
209.0 113.0
217.0 113.0
226.0 117.0
239.0 124.0
247.0 135.0
247.0 135.0
153.0 123.0
147.0 123.0
137.0 115.0
134.0 112.0
156.0 118.0
169.0 121.0
180.0 112.0
178.0 79.0
178.0 76.0
177.0 75.0
167.0 66.0
161.0 60.0
151.0 67.0
141.0 87.0
134.0 97.0
129.0 100.0
121.0 108.0
114.0 114.0
112.0 116.0
102.0 127.0
101.0 129.0
98.0 134.0
93.0 143.0
89.0 149.0
95.0 157.0
104.0 158.0
118.0 154.0
123.0 151.0
137.0 145.0
140.0 142.0
140.0 134.0
136.0 121.0
133.0 115.0
128.0 109.0
46.0 93.0
56.0 97.0
66.0 95.0
66.0 90.0
74.0 79.0
79.0 75.0
90.0 66.0
95.0 55.0
96.0 27.0
92.0 21.0
94.0 43.0
95.0 58.0
90.0 21.0
89.0 24.0
91.0 32.0
91.0 43.0
91.0 43.0
229.0 190.0
232.0 187.0
238.0 170.0
247.0 159.0
257.0 156.0
273.0 162.0
276.0 164.0
288.0 173.0
288.0 173.0
292.0 176.0
292.0 176.0
313.0 243.0
317.0 250.0
337.0 260.0
343.0 263.0
348.0 266.0
348.0 266.0
341.0 262.0
320.0 247.0
318.0 247.0
316.0 246.0
327.0 359.0
330.0 355.0
344.0 348.0
360.0 341.0
367.0 335.0
384.0 331.0
398.0 328.0
401.0 324.0
371.0 333.0
368.0 337.0
404.0 325.0
425.0 315.0
431.0 311.0
431.0 311.0
431.0 341.0
441.0 317.0
441.0 317.0
431.0 333.0
416.0 346.0
415.0 348.0
415.0 351.0
430.0 337.0
431.0 336.0
422.0 342.0
416.0 350.0
398.0 371.0
395.0 383.0
405.0 368.0
403.0 364.0
401.0 398.0
401.0 403.0
427.0 393.0
431.0 389.0
431.0 389.0
432.0 389.0
432.0 389.0
498.0 363.0
243.0 237.0
254.0 234.0
244.0 233.0
236.0 229.0
232.0 227.0
227.0 223.0
226.0 214.0
221.0 204.0
226.0 196.0
229.0 193.0
231.0 192.0
242.0 184.0
244.0 175.0
242.0 170.0
250.0 160.0
253.0 159.0
266.0 162.0
281.0 169.0
287.0 174.0
292.0 180.0
293.0 181.0
284.0 178.0
274.0 172.0
267.0 165.0
253.0 160.0
247.0 162.0
236.0 183.0
226.0 205.0
223.0 220.0
234.0 228.0
251.0 236.0
251.0 236.0
268.0 262.0
266.0 263.0
283.0 255.0
283.0 255.0
318.0 239.0
376.0 223.0
356.0 231.0
346.0 231.0
345.0 230.0
341.0 306.0
343.0 300.0
340.0 294.0
341.0 293.0
347.0 282.0
461.0 375.0
461.0 375.0
477.0 369.0
480.0 369.0
488.0 367.0
490.0 366.0
490.0 366.0
39.0 26.0
39.0 31.0
39.0 40.0
29.0 59.0
27.0 63.0
26.0 69.0
17.0 78.0
15.0 79.0
21.0 87.0
430.0 390.0
415.0 394.0
168.0 12.0
179.0 21.0
197.0 38.0
229.0 60.0
250.0 87.0
287.0 113.0
311.0 138.0
350.0 166.0
369.0 174.0
464.0 249.0
460.0 256.0
402.0 199.0
396.0 191.0
399.0 270.0
399.0 270.0
394.0 270.0
376.0 283.0
376.0 295.0
402.0 288.0
402.0 231.0
382.0 224.0
395.0 250.0
334.0 208.0
301.0 280.0
313.0 274.0
315.0 289.0
296.0 304.0
286.0 306.0
289.0 293.0
292.0 289.0
321.0 317.0
319.0 324.0
270.0 327.0
259.0 314.0
239.0 303.0
224.0 258.0
241.0 275.0
259.0 304.0
250.0 298.0
203.0 275.0
177.0 257.0
170.0 247.0
197.0 255.0
206.0 251.0
207.0 248.0
194.0 232.0
170.0 225.0
148.0 219.0
138.0 212.0
117.0 196.0
106.0 186.0
168.0 157.0
170.0 151.0
161.0 152.0
315.0 63.0
319.0 103.0
342.0 118.0
368.0 115.0
392.0 84.0
412.0 67.0
456.0 51.0
458.0 83.0
454.0 141.0
410.0 188.0
353.0 94.0
331.0 33.0
376.0 54.0
433.0 110.0
436.0 111.0
389.0 96.0
327.0 62.0
291.0 46.0
242.0 29.0
227.0 21.0
299.0 28.0
380.0 43.0
410.0 33.0
450.0 34.0
436.0 279.0
429.0 257.0
422.0 231.0
422.0 231.0
287.0 210.0
268.0 200.0
262.0 212.0
280.0 215.0
306.0 214.0
329.0 208.0
347.0 194.0
359.0 188.0
327.0 171.0
301.0 122.0
274.0 101.0
227.0 51.0
205.0 40.0
154.0 21.0
130.0 35.0
119.0 21.0
122.0 54.0
38.0 129.0
38.0 129.0
10.0 114.0
21.0 145.0
40.0 177.0
76.0 213.0
98.0 236.0
119.0 266.0
166.0 318.0
227.0 356.0
286.0 415.0
300.0 419.0
320.0 411.0
353.0 378.0
366.0 375.0
354.0 383.0
340.0 400.0
315.0 392.0
272.0 365.0
259.0 341.0
232.0 305.0
213.0 290.0
190.0 274.0
208.0 295.0
219.0 324.0
195.0 321.0
155.0 257.0
117.0 216.0
101.0 219.0
86.0 341.0
96.0 341.0
223.0 426.0
319.0 455.0
373.0 474.0
478.0 448.0
487.0 428.0
454.0 426.0
439.0 437.0
426.0 452.0
434.0 463.0
470.0 468.0
485.0 478.0
398.0 478.0
272.0 474.0
220.0 464.0
185.0 454.0
90.0 471.0
35.0 479.0
34.0 485.0
111.0 483.0
157.0 486.0
303.0 489.0
353.0 488.0
246.0 484.0
214.0 481.0
251.0 461.0
271.0 447.0
236.0 410.0
222.0 385.0
168.0 413.0
161.0 428.0
198.0 393.0
181.0 365.0
144.0 342.0
22.0 264.0
46.0 224.0
51.0 219.0
31.0 189.0
7.0 282.0
37.0 376.0
71.0 246.0
83.0 361.0
105.0 414.0
124.0 426.0
134.0 382.0
143.0 429.0
93.0 442.0
52.0 427.0
27.0 438.0
89.0 250.0
120.0 368.0
118.0 273.0
110.0 308.0
193.0 350.0
102.0 331.0
72.0 324.0
52.0 284.0
73.0 298.0
83.0 299.0
47.0 326.0
38.0 324.0
33.0 243.0
23.0 214.0
22.0 190.0
21.0 189.0
415.0 146.0
482.0 226.0
482.0 226.0
472.0 183.0
439.0 159.0
453.0 175.0
481.0 112.0
481.0 84.0
