195.0 39.0
211.0 126.0
193.0 223.0
190.0 267.0
203.0 293.0
211.0 341.0
192.0 388.0
190.0 415.0
206.0 442.0
189.0 347.0
221.0 204.0
195.0 140.0
210.0 82.0
225.0 70.0
214.0 187.0
189.0 467.0
229.0 483.0
212.0 394.0
217.0 408.0
221.0 237.0
216.0 27.0
50.0 48.0
53.0 86.0
109.0 173.0
73.0 296.0
92.0 359.0
134.0 400.0
127.0 478.0
66.0 210.0
138.0 68.0
133.0 282.0
311.0 68.0
304.0 169.0
408.0 231.0
289.0 293.0
272.0 323.0
336.0 420.0
441.0 465.0
421.0 378.0
377.0 359.0
439.0 266.0
357.0 207.0
334.0 211.0
422.0 107.0
419.0 29.0
381.0 91.0
379.0 141.0
434.0 180.0
334.0 254.0
373.0 333.0
283.0 366.0
286.0 427.0
90.0 218.0
18.0 396.0
56.0 446.0
282.0 128.0
286.0 34.0
272.0 239.0
287.0 404.0
140.0 120.0
