395.0 295.0
395.0 317.0
398.0 319.0
399.0 299.0
408.0 297.0
410.0 309.0
412.0 313.0
417.0 293.0
405.0 283.0
404.0 303.0
398.0 315.0
403.0 303.0
398.0 301.0
399.0 309.0
373.0 376.0
364.0 395.0
369.0 373.0
358.0 379.0
372.0 393.0
370.0 388.0
366.0 388.0
362.0 386.0
356.0 379.0
348.0 403.0
353.0 407.0
367.0 400.0
373.0 396.0
374.0 386.0
377.0 385.0
358.0 397.0
334.0 390.0
348.0 391.0
340.0 399.0
346.0 388.0
352.0 395.0
370.0 388.0
375.0 382.0
353.0 367.0
353.0 377.0
367.0 376.0
368.0 375.0
361.0 392.0
406.0 289.0
412.0 283.0
419.0 304.0
414.0 322.0
409.0 323.0
401.0 312.0
98.0 55.0
87.0 107.0
115.0 120.0
142.0 93.0
147.0 119.0
124.0 157.0
103.0 155.0
72.0 151.0
55.0 174.0
83.0 192.0
112.0 192.0
142.0 181.0
162.0 150.0
175.0 81.0
177.0 49.0
201.0 64.0
199.0 70.0
397.0 46.0
314.0 158.0
231.0 280.0
81.0 330.0
153.0 248.0
190.0 455.0
114.0 427.0
217.0 336.0
321.0 283.0
267.0 133.0
417.0 80.0
469.0 158.0
211.0 102.0
155.0 75.0
391.0 295.0
293.0 321.0
348.0 313.0
362.0 313.0
325.0 354.0
293.0 384.0
296.0 402.0
330.0 421.0
385.0 442.0
402.0 444.0
252.0 437.0
330.0 298.0
367.0 310.0
371.0 339.0
396.0 361.0
430.0 367.0
445.0 349.0
447.0 295.0
449.0 286.0
393.0 252.0
348.0 275.0
308.0 308.0
459.0 350.0
434.0 385.0
413.0 420.0
400.0 430.0
412.0 394.0
465.0 348.0
454.0 328.0
179.0 121.0
103.0 87.0
306.0 341.0
239.0 397.0
325.0 476.0
320.0 442.0
265.0 403.0
413.0 474.0
467.0 479.0
485.0 412.0
466.0 276.0
468.0 179.0
443.0 221.0
145.0 463.0
176.0 401.0
261.0 297.0
386.0 151.0
433.0 112.0
324.0 252.0
387.0 207.0
131.0 50.0
