177.0 201.0
160.0 219.0
158.0 246.0
171.0 267.0
212.0 276.0
238.0 264.0
228.0 221.0
207.0 211.0
191.0 246.0
206.0 251.0
215.0 241.0
206.0 228.0
181.0 214.0
227.0 195.0
247.0 233.0
235.0 254.0
206.0 246.0
179.0 226.0
189.0 193.0
215.0 191.0
232.0 200.0
196.0 244.0
187.0 259.0
167.0 231.0
211.0 218.0
226.0 269.0
257.0 269.0
256.0 224.0
247.0 213.0
251.0 245.0
241.0 268.0
237.0 280.0
207.0 276.0
192.0 271.0
419.0 149.0
420.0 201.0
417.0 289.0
421.0 376.0
403.0 122.0
440.0 251.0
436.0 308.0
437.0 344.0
434.0 184.0
392.0 177.0
399.0 254.0
418.0 95.0
410.0 63.0
393.0 42.0
417.0 34.0
424.0 476.0
423.0 442.0
405.0 414.0
433.0 400.0
388.0 345.0
229.0 237.0
226.0 222.0
191.0 210.0
189.0 240.0
204.0 210.0
192.0 220.0
188.0 237.0
238.0 260.0
244.0 248.0
228.0 199.0
216.0 268.0
215.0 258.0
216.0 253.0
202.0 249.0
175.0 250.0
178.0 248.0
181.0 241.0
191.0 209.0
210.0 199.0
220.0 206.0
229.0 217.0
225.0 237.0
209.0 233.0
194.0 222.0
179.0 225.0
166.0 233.0
195.0 272.0
226.0 262.0
230.0 251.0
241.0 232.0
221.0 226.0
200.0 218.0
178.0 203.0
204.0 197.0
226.0 202.0
238.0 236.0
214.0 255.0
187.0 258.0
180.0 249.0
181.0 244.0
209.0 262.0
204.0 261.0
328.0 48.0
323.0 198.0
313.0 411.0
173.0 462.0
31.0 367.0
70.0 176.0
146.0 103.0
178.0 71.0
87.0 354.0
200.0 367.0
250.0 347.0
290.0 228.0
223.0 114.0
113.0 162.0
